<?xml version="1.0"?>
<opencv_storage>
<calibration_time>"Sun Feb 14 21:31:31 2021"</calibration_time>
<nr_of_frames>1</nr_of_frames>
<image_width>640</image_width>
<image_height>480</image_height>
<board_width>9</board_width>
<board_height>6</board_height>
<square_size>22.</square_size>
<fix_aspect_ratio>1.</fix_aspect_ratio>
<!-- flags: +fix_aspectRatio +fix_principal_point +zero_tangent_dist +fix_k1 +fix_k2 +fix_k3 +fix_k4 +fix_k5 -->
<flags>6382</flags>
<fisheye_model>0</fisheye_model>
<camera_matrix type_id="opencv-matrix">
  <rows>3</rows>
  <cols>3</cols>
  <dt>d</dt>
  <data>
    2.2362062391721932e+02 0. 3.1950000000000000e+02 0.
    2.2362062391721932e+02 2.3950000000000000e+02 0. 0. 1.</data></camera_matrix>
<distortion_coefficients type_id="opencv-matrix">
  <rows>5</rows>
  <cols>1</cols>
  <dt>d</dt>
  <data>
    0. 0. 0. 0. 0.</data></distortion_coefficients>
<avg_reprojection_error>0.</avg_reprojection_error>
<per_view_reprojection_errors type_id="opencv-matrix">
  <rows>1</rows>
  <cols>1</cols>
  <dt>f</dt>
  <data>
    0.</data></per_view_reprojection_errors>
<!-- a set of 6-tuples (rotation vector + translation vector) for each view -->
<extrinsic_parameters type_id="opencv-matrix">
  <rows>1</rows>
  <cols>6</cols>
  <dt>d</dt>
  <data>
    3.5232596662492364e-02 -4.1400824167133997e-03
    -1.1106784747379087e-02 -8.7182679406479750e+01
    3.3419232125975370e+01 2.1010982036781917e+02</data></extrinsic_parameters>
<image_points type_id="opencv-matrix">
  <rows>1</rows>
  <cols>54</cols>
  <dt>"2f"</dt>
  <data>
    2.26711166e+02 2.75068207e+02 2.49792007e+02 2.74525299e+02
    2.73086731e+02 2.74265686e+02 2.96205841e+02 2.74016724e+02
    3.19366547e+02 2.74162689e+02 3.42475983e+02 2.73917114e+02
    3.65624115e+02 2.73712799e+02 3.89215424e+02 2.73222870e+02
    4.12645264e+02 2.72876801e+02 2.24436859e+02 2.95764069e+02
    2.48318726e+02 2.95496185e+02 2.72082062e+02 2.95317352e+02
    2.95785431e+02 2.95151886e+02 3.19557281e+02 2.94889130e+02
    3.43444641e+02 2.94501862e+02 3.67341248e+02 2.94332458e+02
    3.91499329e+02 2.93592621e+02 4.15736328e+02 2.93307343e+02
    2.22466782e+02 3.18585999e+02 2.46798569e+02 3.18314606e+02
    2.71257538e+02 3.17885132e+02 2.95550476e+02 3.17611511e+02
    3.19863647e+02 3.17245056e+02 3.44424866e+02 3.16800751e+02
    3.68922668e+02 3.16385376e+02 3.93783386e+02 3.15878601e+02
    4.18833862e+02 3.15441895e+02 2.19940674e+02 3.41403290e+02
    2.44925812e+02 3.41222748e+02 2.69988251e+02 3.40599182e+02
    2.95024017e+02 3.40198975e+02 3.20292084e+02 3.39651337e+02
    3.45475800e+02 3.39197906e+02 3.70884033e+02 3.38774506e+02
    3.96594238e+02 3.38418762e+02 4.22480133e+02 3.38082489e+02
    2.15387222e+02 3.59986633e+02 2.41811920e+02 3.61922791e+02
    2.68130432e+02 3.62719055e+02 2.94291840e+02 3.62755981e+02
    3.20432617e+02 3.62646912e+02 3.46667023e+02 3.62463318e+02
    3.73114014e+02 3.61923615e+02 3.99721649e+02 3.61776520e+02
    4.26542084e+02 3.61625244e+02 2.10497849e+02 3.78857269e+02
    2.38363129e+02 3.81754425e+02 2.65850677e+02 3.84204346e+02
    2.93326691e+02 3.85525055e+02 3.20683044e+02 3.86070007e+02
    3.48046417e+02 3.86577972e+02 3.75537689e+02 3.86758698e+02
    4.03277588e+02 3.86676361e+02 4.31107330e+02 3.86558563e+02</data></image_points>
<grid_points>
  0. 0. 0. 2.17306042e+01 -2.94925600e-01 -2.04966798e-01 4.36142883e+01
  -3.05217206e-01 -3.33342820e-01 6.53335571e+01 -3.24594527e-01
  -5.52438378e-01 8.70598145e+01 7.44008645e-03 -8.84198427e-01
  1.08899780e+02 3.45282853e-01 7.48280525e-01 1.30960281e+02
  5.64610839e-01 1.55194736e+00 1.53303314e+02 3.18780839e-01
  1.32348847e+00 175. 0. 0. -2.23346567e+00 1.93283749e+01
  -9.57601786e-01 1.99155140e+01 1.95562878e+01 -2.30091333e-01
  4.20681610e+01 1.99460659e+01 7.71593928e-01 6.43573761e+01
  2.04578323e+01 2.15443873e+00 8.70288544e+01 2.08844433e+01
  3.56070375e+00 1.10000259e+02 2.08423023e+01 3.74261498e+00
  1.32689468e+02 2.05541325e+01 2.32197165e+00 1.55406708e+02
  1.97785454e+01 1.10480309e+00 1.77882141e+02 1.93976326e+01
  -2.69446433e-01 -4.24611568e+00 4.06409492e+01 -1.87456119e+00
  1.81929417e+01 4.10800629e+01 -8.27120721e-01 4.08824806e+01
  4.15877571e+01 7.83649504e-01 6.37955666e+01 4.22097282e+01
  2.30923605e+00 8.70841599e+01 4.25863380e+01 3.43417740e+00
  1.10750336e+02 4.24410439e+01 3.40196800e+00 1.34101120e+02
  4.18636551e+01 2.18109822e+00 1.57372986e+02 4.10052528e+01
  4.46088761e-01 1.80437668e+02 4.02067871e+01 -1.32070422e+00
  -6.82537937e+00 6.19617844e+01 -2.67910385e+00 1.61202526e+01
  6.27368584e+01 -1.38531327e+00 3.93383484e+01 6.33567696e+01
  4.56660092e-01 6.29943962e+01 6.40628967e+01 2.04176092e+00
  8.72567596e+01 6.43881760e+01 3.14283562e+00 1.11563362e+02
  6.41904984e+01 2.99483895e+00 1.35810745e+02 6.34724236e+01
  1.71846032e+00 1.59824753e+02 6.24780579e+01 -2.65907496e-01
  1.83512787e+02 6.14538002e+01 -2.35466766e+00 -1.20004759e+01
  8.01869965e+01 -1.77584195e+00 1.25339956e+01 8.29345474e+01
  -8.52639973e-01 3.71656799e+01 8.48106308e+01 4.34030801e-01
  6.19970131e+01 8.59607544e+01 1.73120368e+00 8.71442184e+01
  8.65501328e+01 2.32342267e+00 1.12427071e+02 8.64689331e+01
  1.91333461e+00 1.37661972e+02 8.55968170e+01 7.60887146e-01
  1.62455688e+02 8.45544357e+01 -1.32128465e+00 1.86872192e+02
  8.33885727e+01 -3.60089993e+00 -1.75695763e+01 9.89430466e+01
  -8.76223624e-01 8.44312382e+00 1.02814400e+02 1.23635232e-01
  3.45114288e+01 1.05991348e+02 7.11864531e-01 6.07898788e+01
  1.08032120e+02 1.23968339e+00 8.71328583e+01 1.09010910e+02
  1.33830357e+00 1.13416016e+02 1.09258011e+02 4.56633389e-01
  1.39467545e+02 1.08710480e+02 -1.08227408e+00 1.65221375e+02
  1.07574768e+02 -3.08057737e+00 1.93162521e+02 1.10039993e+02 0.</grid_points>
</opencv_storage>
