<?xml version="1.0"?>
<opencv_storage>
<calibration_time>"Sun Feb 14 21:21:01 2021"</calibration_time>
<nr_of_frames>1</nr_of_frames>
<image_width>640</image_width>
<image_height>480</image_height>
<board_width>9</board_width>
<board_height>6</board_height>
<square_size>22.</square_size>
<fix_aspect_ratio>1.</fix_aspect_ratio>
<!-- flags: +fix_aspectRatio +fix_principal_point +zero_tangent_dist +fix_k1 +fix_k2 +fix_k3 +fix_k4 +fix_k5 -->
<flags>6382</flags>
<fisheye_model>0</fisheye_model>
<camera_matrix type_id="opencv-matrix">
  <rows>3</rows>
  <cols>3</cols>
  <dt>d</dt>
  <data>
    7.3392539718010948e+02 0. 3.1950000000000000e+02 0.
    7.3392539718010948e+02 2.3950000000000000e+02 0. 0. 1.</data></camera_matrix>
<distortion_coefficients type_id="opencv-matrix">
  <rows>5</rows>
  <cols>1</cols>
  <dt>d</dt>
  <data>
    0. 0. 0. 0. 0.</data></distortion_coefficients>
<avg_reprojection_error>0.</avg_reprojection_error>
<per_view_reprojection_errors type_id="opencv-matrix">
  <rows>1</rows>
  <cols>1</cols>
  <dt>f</dt>
  <data>
    0.</data></per_view_reprojection_errors>
<!-- a set of 6-tuples (rotation vector + translation vector) for each view -->
<extrinsic_parameters type_id="opencv-matrix">
  <rows>1</rows>
  <cols>6</cols>
  <dt>d</dt>
  <data>
    -9.2463358231127235e-01 4.1868443059148455e-02
    1.4466406375637475e-01 6.5820785550122068e+01
    -7.2901939576379149e-01 7.4577321023002321e+02</data></extrinsic_parameters>
<image_points type_id="opencv-matrix">
  <rows>1</rows>
  <cols>54</cols>
  <dt>"2f"</dt>
  <data>
    3.84275116e+02 2.38782562e+02 4.06094086e+02 2.34446854e+02
    4.26641388e+02 2.40840622e+02 4.47643250e+02 2.41409363e+02
    4.69441803e+02 2.47497925e+02 4.91456451e+02 2.50596237e+02
    5.13821838e+02 2.53409103e+02 5.36231995e+02 2.52533234e+02
    5.60224182e+02 2.57527344e+02 3.84273499e+02 2.38788086e+02
    4.05316345e+02 2.42539673e+02 4.25577850e+02 2.49286911e+02
    4.47259979e+02 2.57474976e+02 4.69517975e+02 2.61266632e+02
    4.92445038e+02 2.64181396e+02 5.15608276e+02 2.67369202e+02
    5.39479187e+02 2.68943085e+02 5.62249390e+02 2.64673920e+02
    3.80654724e+02 2.58217468e+02 4.02421326e+02 2.61406891e+02
    4.24269257e+02 2.67514862e+02 4.46654846e+02 2.71973663e+02
    4.69597504e+02 2.76229767e+02 4.93315521e+02 2.79535919e+02
    5.17516785e+02 2.82272430e+02 5.42229736e+02 2.84373840e+02
    5.67267395e+02 2.86206482e+02 3.77904022e+02 2.72311249e+02
    4.00312500e+02 2.77041809e+02 4.23125153e+02 2.81864044e+02
    4.46179810e+02 2.87063141e+02 4.69865540e+02 2.91961823e+02
    4.94393372e+02 2.95420807e+02 5.19523438e+02 2.97978363e+02
    5.45252258e+02 2.99802643e+02 5.71331970e+02 3.01597565e+02
    3.75044250e+02 2.87293579e+02 3.98289246e+02 2.92299225e+02
    4.21826172e+02 2.97597931e+02 4.45766449e+02 3.03015472e+02
    4.70148132e+02 3.08987183e+02 4.95559509e+02 3.12072418e+02
    5.21856934e+02 3.13951477e+02 5.48693115e+02 3.15531097e+02
    5.76015686e+02 3.17233368e+02 3.71609833e+02 3.04395538e+02
    3.95653503e+02 3.10061646e+02 4.19839417e+02 3.16043945e+02
    4.44542419e+02 3.22148407e+02 4.70374054e+02 3.26560547e+02
    4.97240936e+02 3.28488922e+02 5.24618408e+02 3.30055664e+02
    5.52744568e+02 3.31292755e+02 5.81414917e+02 3.32334534e+02</data></image_points>
<grid_points>
  0. 0. 0. 2.14665070e+01 -5.66974115e+00 -4.16842079e+00 4.26662178e+01
  -2.21725225e+00 -1.42924881e+00 6.36541901e+01 -3.85412574e+00
  -2.29491234e+00 8.57622757e+01 -7.91922510e-01 1.42902836e-01
  1.07702255e+02 -3.00924242e-01 7.14606345e-01 1.29827637e+02
  -2.77442262e-02 1.04284465e+00 1.51687698e+02 -2.83957958e+00
  -9.04036105e-01 175. 0. 0. 1.50687262e-01 1.12008600e+01
  -8.32186031e+00 2.12681980e+01 1.23852339e+01 -7.34322977e+00
  4.17700348e+01 1.58907423e+01 -4.32945681e+00 6.35998840e+01
  2.04538898e+01 -5.83829045e-01 8.54454346e+01 2.13970528e+01
  3.96505147e-01 1.07718040e+02 2.16793938e+01 7.09084272e-01
  1.30084137e+02 2.22088280e+01 1.13069010e+00 1.52842636e+02
  2.16057739e+01 3.56250852e-01 1.74268585e+02 1.61531448e+01
  -3.66053247e+00 -1.11039639e+00 3.82554588e+01 -4.59386921e+00
  2.01007175e+01 3.87752419e+01 -4.00755167e+00 4.15314980e+01
  4.14694710e+01 -1.59015560e+00 6.31693039e+01 4.28077469e+01
  -2.12193117e-01 8.51676865e+01 4.39706535e+01 9.67848122e-01
  1.07656639e+02 4.44720535e+01 1.40504467e+00 1.30383759e+02
  4.46283226e+01 1.35822070e+00 1.53352539e+02 4.44352989e+01
  7.55494475e-01 1.76404297e+02 4.41554794e+01 -1.38878003e-01
  -2.04122090e+00 6.03303375e+01 -4.70385885e+00 1.94033318e+01
  6.18348694e+01 -3.22007179e+00 4.10853043e+01 6.33310738e+01
  -1.69177008e+00 6.28745346e+01 6.50493011e+01 5.61795905e-02
  8.50580826e+01 6.65415268e+01 1.52172756e+00 1.07724968e+02
  6.70655441e+01 1.92972291e+00 1.30687164e+02 6.70569992e+01
  1.61375892e+00 1.53929199e+02 6.66864395e+01 6.45242572e-01
  1.77257355e+02 6.64328461e+01 -4.93154466e-01 -2.92552376e+00
  8.25227051e+01 -4.72311354e+00 1.87714996e+01 8.40101776e+01
  -3.14170551e+00 4.06091995e+01 8.56492996e+01 -1.39889765e+00
  6.26636925e+01 8.73389664e+01 3.64949286e-01 8.49871216e+01
  8.94115677e+01 2.37372661e+00 1.07819725e+02 8.95881119e+01
  2.42508721e+00 1.31140335e+02 8.91203842e+01 1.48213983e+00
  1.54680389e+02 8.86307755e+01 1.40774429e-01 1.78383392e+02
  8.84102478e+01 -1.34096968e+00 -4.05583668e+00 1.05624825e+02
  -3.91380334e+00 1.78500061e+01 1.07321091e+02 -1.99150538e+00
  3.97550354e+01 1.09186516e+02 1.10444516e-01 6.19623260e+01
  1.11108635e+02 2.20690250e+00 8.48346939e+01 1.11986832e+02
  3.06219268e+00 1.08214180e+02 1.11401627e+02 2.16035295e+00
  1.31787155e+02 1.10755005e+02 8.28528225e-01 1.55703918e+02
  1.10134552e+02 -9.99813139e-01 1.80999146e+02 1.06073738e+02 0.</grid_points>
</opencv_storage>
